[gd_scene load_steps=4 format=3 uid="uid://cebptlgn814ej"]

[ext_resource type="PackedScene" uid="uid://xy8rvnjp22n5" path="res://models/core_models/character.glb" id="1_nfyuh"]
[ext_resource type="PackedScene" uid="uid://dk1inne27lf4o" path="res://models/prototyping/models/hat-cap.glb" id="2_vupng"]

[sub_resource type="BoxShape3D" id="BoxShape3D_mw4v1"]
size = Vector3(0.25, 0.469604, 0.25)

[node name="character2" instance=ExtResource("1_nfyuh")]

[node name="leg-left" parent="character/root" index="0"]
transform = Transform3D(0.965926, 0, 0.258819, 0, 1, 0, -0.258819, 0, 0.965926, 0.125, 0.17625, -0.02375)

[node name="leg-right" parent="character/root" index="1"]
transform = Transform3D(0.965926, 0, -0.258819, 0, 1, 0, 0.258819, 0, 0.965926, -0.125, 0.17625, -0.02375)

[node name="torso" parent="character/root" index="2"]
transform = Transform3D(1, 0, 0, 0, 0.996195, 0.0871557, 0, -0.0871557, 0.996195, -1.80478e-15, 0.17625, -0.02375)

[node name="arm-left" parent="character/root/torso" index="0"]
transform = Transform3D(0.707107, 0.00149316, -0.707105, 0.702181, 0.116349, 0.702428, 0.08332, -0.993208, 0.0812226, 0.3, 0.350307, 0.0169062)

[node name="arm-right" parent="character/root/torso" index="1"]
transform = Transform3D(0.707107, -0.00149316, 0.707105, -0.702181, 0.116349, 0.702428, -0.08332, -0.993208, 0.0812226, -0.3, 0.40542, 0.0234459)

[node name="hat-cap2" parent="character/root/torso" index="3" instance=ExtResource("2_vupng")]
transform = Transform3D(0.0213505, 0, 2.1536, -1.49012e-08, 2.15371, 0, -2.1536, -1.49012e-08, 0.0213505, 0, 0.602626, 0.0198762)

[node name="ButtonPresserArea3D" type="Area3D" parent="." index="2"]
collision_layer = 4
monitoring = false

[node name="CollisionShape3D" type="CollisionShape3D" parent="ButtonPresserArea3D" index="0"]
transform = Transform3D(1, 0, 0, 0, 1, 0, 0, 0, 1, 0, 0.109802, 0)
shape = SubResource("BoxShape3D_mw4v1")
